00000000000000000000000000000000
00100100000000000000000000000001
00000000000000000000000000000000
00100100000000000000000000000010
00000000000000000000000000000000
00100100000000000000000000000011
00000000000000000000000000000000
00001000001000000000000001000001
00101000000000000000000000001000
00101000000000000000000000001001
00000100001000010000100010100100
00100000001000110001100000000000
00101000000000000000000000000000
00101000000000000000000000000000
00101000000000000000000000000000
00010000000000000000000000000000
00000100001000110001100010100100
00011000000000000000000000011000
00000000000000000000000000000000
00000100001000100001010001100100
00000100011000100001010001100011
00000100010000010000101010100100
00000100001000110001100010100000
00000000000000000000000000000000
00000100010000100001010001100100
00010100010000110001101010100010
00011100001000000000000000010011
00101000000000000000000000000000
00101000000000000000000000000000
00101000000000000000000000000000
00101000000000000000000000000000
00001100000000000000000000000000
